   18
S38        0.000000 0.602912 0.029974 0.624607 0.451898 0.879246 0.084499 0.634028 0.097631 0.089352 0.426492 0.120754 0.075364 0.809877 0.797031 0.298316 0.575792 0.590351 
AP8        0.602912 0.000000 0.632886 0.021696 0.151013 0.276335 0.687411 0.031116 0.700542 0.513560 0.176420 0.723665 0.678276 0.206965 0.194119 0.304596 0.027120 0.012561 
IMR_125063 0.029974 0.632886 0.000000 0.654582 0.481873 0.909221 0.054525 0.664002 0.067656 0.119326 0.456466 0.090779 0.045390 0.839852 0.827005 0.328290 0.605766 0.620325 
NB-NML-300 0.624607 0.021696 0.654582 0.000000 0.172709 0.254639 0.709106 0.009420 0.722238 0.535255 0.198116 0.745361 0.699971 0.185270 0.172424 0.326292 0.048815 0.034256 
ON-E76b    0.451898 0.151013 0.481873 0.172709 0.000000 0.427348 0.536397 0.182130 0.549529 0.362546 0.025407 0.572652 0.527262 0.357979 0.345133 0.153583 0.123894 0.138453 
ON-S2383   0.879246 0.276335 0.909221 0.254639 0.427348 0.000000 0.963745 0.245218 0.976877 0.789894 0.452755 1.000000 0.954610 0.069369 0.082215 0.580931 0.303454 0.288895 
CMX-INER-I 0.084499 0.687411 0.054525 0.709106 0.536397 0.963745 0.000000 0.718527 0.013132 0.173851 0.510991 0.036255 0.009135 0.894376 0.881530 0.382815 0.660291 0.674850 
OR-OSPHL00 0.634028 0.031116 0.664002 0.009420 0.182130 0.245218 0.718527 0.000000 0.731659 0.544676 0.207536 0.754782 0.709392 0.175849 0.163003 0.335712 0.058236 0.043677 
TX-DSHS-52 0.097631 0.700542 0.067656 0.722238 0.549529 0.976877 0.013132 0.731659 0.000000 0.186983 0.524122 0.023123 0.022267 0.907508 0.894662 0.395946 0.673423 0.687982 
NSW4490    0.089352 0.513560 0.119326 0.535255 0.362546 0.789894 0.173851 0.544676 0.186983 0.000000 0.337140 0.210106 0.164716 0.720525 0.707679 0.208964 0.486440 0.500999 
PAIS-D0094 0.426492 0.176420 0.456466 0.198116 0.025407 0.452755 0.510991 0.207536 0.524122 0.337140 0.000000 0.547245 0.501856 0.383386 0.370540 0.128176 0.149301 0.163860 
RJ-LNN0011 0.120754 0.723665 0.090779 0.745361 0.572652 1.000000 0.036255 0.754782 0.023123 0.210106 0.547245 0.000000 0.045390 0.930631 0.917785 0.419069 0.696546 0.711105 
GJ-GBRC560 0.075364 0.678276 0.045390 0.699971 0.527262 0.954610 0.009135 0.709392 0.022267 0.164716 0.501856 0.045390 0.000000 0.885241 0.872395 0.373680 0.651156 0.665715 
DCGC-50693 0.809877 0.206965 0.839852 0.185270 0.357979 0.069369 0.894376 0.175849 0.907508 0.720525 0.383386 0.930631 0.885241 0.000000 0.012846 0.511562 0.234085 0.219526 
TRE23196_1 0.797031 0.194119 0.827005 0.172424 0.345133 0.082215 0.881530 0.163003 0.894662 0.707679 0.370540 0.917785 0.872395 0.012846 0.000000 0.498715 0.221239 0.206680 
CAM-TIGEM- 0.298316 0.304596 0.328290 0.326292 0.153583 0.580931 0.382815 0.335712 0.395946 0.208964 0.128176 0.419069 0.373680 0.511562 0.498715 0.000000 0.277476 0.292035 
S21D474    0.575792 0.027120 0.605766 0.048815 0.123894 0.303454 0.660291 0.058236 0.673423 0.486440 0.149301 0.696546 0.651156 0.234085 0.221239 0.277476 0.000000 0.014559 
LOND-128A7 0.590351 0.012561 0.620325 0.034256 0.138453 0.288895 0.674850 0.043677 0.687982 0.500999 0.163860 0.711105 0.665715 0.219526 0.206680 0.292035 0.014559 0.000000 
