   18
S38        0.000000 0.006192 0.090764 0.001592 0.417374 0.158174 0.883581 0.231423 0.267693 0.012031 0.089703 0.174982 0.795471 0.038040 0.215322 0.042817 0.083687 0.116419 
AP8        0.006192 0.000000 0.096957 0.007785 0.423567 0.164367 0.889774 0.237615 0.273885 0.005839 0.095895 0.181175 0.801663 0.031847 0.209130 0.049009 0.089880 0.110226 
IMR_125063 0.090764 0.096957 0.000000 0.089172 0.326610 0.067410 0.792817 0.140658 0.176929 0.102795 0.001062 0.084218 0.704706 0.128804 0.306086 0.047948 0.007077 0.207183 
NB-NML-300 0.001592 0.007785 0.089172 0.000000 0.415782 0.156582 0.881989 0.229830 0.266100 0.013623 0.088110 0.173390 0.793878 0.039632 0.216914 0.041224 0.082095 0.118011 
ON-E76b    0.417374 0.423567 0.326610 0.415782 0.000000 0.259200 0.466207 0.185952 0.149682 0.429406 0.327672 0.242392 0.378096 0.455414 0.632696 0.374558 0.333687 0.533793 
ON-S2383   0.158174 0.164367 0.067410 0.156582 0.259200 0.000000 0.725407 0.073248 0.109519 0.170205 0.068471 0.016808 0.637297 0.196214 0.373496 0.115357 0.074487 0.274593 
CMX-INER-I 0.883581 0.889774 0.792817 0.881989 0.466207 0.725407 0.000000 0.652159 0.615888 0.895612 0.793878 0.708599 0.088110 0.921621 1.098903 0.840764 0.799894 1.000000 
OR-OSPHL00 0.231423 0.237615 0.140658 0.229830 0.185952 0.073248 0.652159 0.000000 0.036270 0.243454 0.141720 0.056440 0.564048 0.269462 0.446745 0.188606 0.147735 0.347841 
TX-DSHS-52 0.267693 0.273885 0.176929 0.266100 0.149682 0.109519 0.615888 0.036270 0.000000 0.279724 0.177990 0.092711 0.527778 0.305732 0.483015 0.224876 0.184006 0.384112 
NSW4490    0.012031 0.005839 0.102795 0.013623 0.429406 0.170205 0.895612 0.243454 0.279724 0.000000 0.101734 0.187013 0.807502 0.026008 0.203291 0.054848 0.095718 0.104388 
PAIS-D0094 0.089703 0.095895 0.001062 0.088110 0.327672 0.068471 0.793878 0.141720 0.177990 0.101734 0.000000 0.085280 0.705768 0.127742 0.305025 0.046886 0.006016 0.206122 
RJ-LNN0011 0.174982 0.181175 0.084218 0.173390 0.242392 0.016808 0.708599 0.056440 0.092711 0.187013 0.085280 0.000000 0.620488 0.213022 0.390304 0.132166 0.091295 0.291401 
GJ-GBRC560 0.795471 0.801663 0.704706 0.793878 0.378096 0.637297 0.088110 0.564048 0.527778 0.807502 0.705768 0.620488 0.000000 0.833510 1.010793 0.752654 0.711783 0.911890 
DCGC-50693 0.038040 0.031847 0.128804 0.039632 0.455414 0.196214 0.921621 0.269462 0.305732 0.026008 0.127742 0.213022 0.833510 0.000000 0.177282 0.080856 0.121727 0.078379 
TRE23196_1 0.215322 0.209130 0.306086 0.216914 0.632696 0.373496 1.098903 0.446745 0.483015 0.203291 0.305025 0.390304 1.010793 0.177282 0.000000 0.258139 0.299009 0.098903 
CAM-TIGEM- 0.042817 0.049009 0.047948 0.041224 0.374558 0.115357 0.840764 0.188606 0.224876 0.054848 0.046886 0.132166 0.752654 0.080856 0.258139 0.000000 0.040870 0.159236 
S21D474    0.083687 0.089880 0.007077 0.082095 0.333687 0.074487 0.799894 0.147735 0.184006 0.095718 0.006016 0.091295 0.711783 0.121727 0.299009 0.040870 0.000000 0.200106 
LOND-128A7 0.116419 0.110226 0.207183 0.118011 0.533793 0.274593 1.000000 0.347841 0.384112 0.104388 0.206122 0.291401 0.911890 0.078379 0.098903 0.159236 0.200106 0.000000 
