   18
S38        0.000000 0.005635 0.082595 0.001449 0.379810 0.143938 0.804057 0.210594 0.243600 0.010948 0.081629 0.159234 0.723877 0.034616 0.195943 0.038963 0.076155 0.105941 
AP8        0.005635 0.000000 0.088231 0.007084 0.385445 0.149573 0.809692 0.216229 0.249235 0.005313 0.087265 0.164869 0.729512 0.028981 0.190308 0.044598 0.081790 0.100306 
IMR_125063 0.082595 0.088231 0.000000 0.081146 0.297215 0.061343 0.721462 0.127999 0.161005 0.093544 0.000966 0.076638 0.641282 0.117211 0.278538 0.043632 0.006440 0.188536 
NB-NML-300 0.001449 0.007084 0.081146 0.000000 0.378361 0.142489 0.802608 0.209145 0.242151 0.012397 0.080180 0.157785 0.722428 0.036065 0.197392 0.037514 0.074706 0.107390 
ON-E76b    0.379810 0.385445 0.297215 0.378361 0.000000 0.235872 0.424247 0.169216 0.136210 0.390758 0.298181 0.220576 0.344067 0.414426 0.575753 0.340847 0.303655 0.485751 
ON-S2383   0.143938 0.149573 0.061343 0.142489 0.235872 0.000000 0.660119 0.066656 0.099662 0.154886 0.062309 0.015295 0.579939 0.178554 0.339881 0.104975 0.067783 0.249879 
CMX-INER-I 0.804057 0.809692 0.721462 0.802608 0.424247 0.660119 0.000000 0.593463 0.560457 0.815006 0.722428 0.644824 0.080180 0.838673 1.000000 0.765094 0.727902 0.909998 
OR-OSPHL00 0.210594 0.216229 0.127999 0.209145 0.169216 0.066656 0.593463 0.000000 0.033006 0.221542 0.128965 0.051360 0.513283 0.245210 0.406537 0.171631 0.134439 0.316535 
TX-DSHS-52 0.243600 0.249235 0.161005 0.242151 0.136210 0.099662 0.560457 0.033006 0.000000 0.254548 0.161971 0.084366 0.480277 0.278216 0.439543 0.204637 0.167445 0.349541 
NSW4490    0.010948 0.005313 0.093544 0.012397 0.390758 0.154886 0.815006 0.221542 0.254548 0.000000 0.092578 0.170182 0.734825 0.023668 0.184994 0.049911 0.087104 0.094993 
PAIS-D0094 0.081629 0.087265 0.000966 0.080180 0.298181 0.062309 0.722428 0.128965 0.161971 0.092578 0.000000 0.077604 0.642248 0.116245 0.277572 0.042666 0.005474 0.187570 
RJ-LNN0011 0.159234 0.164869 0.076638 0.157785 0.220576 0.015295 0.644824 0.051360 0.084366 0.170182 0.077604 0.000000 0.564643 0.193850 0.355176 0.120270 0.083078 0.265175 
GJ-GBRC560 0.723877 0.729512 0.641282 0.722428 0.344067 0.579939 0.080180 0.513283 0.480277 0.734825 0.642248 0.564643 0.000000 0.758493 0.919820 0.684914 0.647722 0.829818 
DCGC-50693 0.034616 0.028981 0.117211 0.036065 0.414426 0.178554 0.838673 0.245210 0.278216 0.023668 0.116245 0.193850 0.758493 0.000000 0.161327 0.073579 0.110771 0.071325 
TRE23196_1 0.195943 0.190308 0.278538 0.197392 0.575753 0.339881 1.000000 0.406537 0.439543 0.184994 0.277572 0.355176 0.919820 0.161327 0.000000 0.234906 0.272098 0.090002 
CAM-TIGEM- 0.038963 0.044598 0.043632 0.037514 0.340847 0.104975 0.765094 0.171631 0.204637 0.049911 0.042666 0.120270 0.684914 0.073579 0.234906 0.000000 0.037192 0.144904 
S21D474    0.076155 0.081790 0.006440 0.074706 0.303655 0.067783 0.727902 0.134439 0.167445 0.087104 0.005474 0.083078 0.647722 0.110771 0.272098 0.037192 0.000000 0.182096 
LOND-128A7 0.105941 0.100306 0.188536 0.107390 0.485751 0.249879 0.909998 0.316535 0.349541 0.094993 0.187570 0.265175 0.829818 0.071325 0.090002 0.144904 0.182096 0.000000 
