   18
S38        0.000000 0.178810 0.150444 0.037744 0.058628 0.089521 0.143294 0.800838 0.158658 0.197566 0.078913 0.280104 0.199162 0.105118 0.088158 0.099997 0.047654 0.170363 
AP8        0.178810 0.000000 0.028366 0.216554 0.237438 0.268332 0.322104 0.622028 0.337468 0.376376 0.257723 0.101294 0.377972 0.283928 0.266968 0.278807 0.226464 0.008447 
IMR_125063 0.150444 0.028366 0.000000 0.188188 0.209072 0.239965 0.293738 0.650394 0.309102 0.348010 0.229357 0.129660 0.349606 0.255562 0.238602 0.250441 0.198098 0.019920 
NB-NML-300 0.037744 0.216554 0.188188 0.000000 0.020884 0.051777 0.105550 0.838582 0.120914 0.159822 0.041169 0.317848 0.161418 0.067374 0.050414 0.062253 0.009910 0.208107 
ON-E76b    0.058628 0.237438 0.209072 0.020884 0.000000 0.030894 0.084666 0.859466 0.100030 0.138938 0.020285 0.338732 0.140534 0.046490 0.029530 0.041369 0.010974 0.228991 
ON-S2383   0.089521 0.268332 0.239965 0.051777 0.030894 0.000000 0.053773 0.890359 0.069136 0.108044 0.010608 0.369625 0.109641 0.015596 0.001363 0.010475 0.041868 0.259885 
CMX-INER-I 0.143294 0.322104 0.293738 0.105550 0.084666 0.053773 0.000000 0.944132 0.015364 0.054272 0.064381 0.423398 0.055868 0.038176 0.055136 0.043298 0.095640 0.313658 
OR-OSPHL00 0.800838 0.622028 0.650394 0.838582 0.859466 0.890359 0.944132 0.000000 0.959496 0.998404 0.879751 0.520734 1.000000 0.905956 0.888996 0.900835 0.848492 0.630475 
TX-DSHS-52 0.158658 0.337468 0.309102 0.120914 0.100030 0.069136 0.015364 0.959496 0.000000 0.038908 0.079745 0.438762 0.040504 0.053540 0.070500 0.058661 0.111004 0.329021 
NSW4490    0.197566 0.376376 0.348010 0.159822 0.138938 0.108044 0.054272 0.998404 0.038908 0.000000 0.118653 0.477670 0.001596 0.092448 0.109408 0.097569 0.149912 0.367929 
PAIS-D0094 0.078913 0.257723 0.229357 0.041169 0.020285 0.010608 0.064381 0.879751 0.079745 0.118653 0.000000 0.359017 0.120249 0.026205 0.009245 0.021083 0.031259 0.249277 
RJ-LNN0011 0.280104 0.101294 0.129660 0.317848 0.338732 0.369625 0.423398 0.520734 0.438762 0.477670 0.359017 0.000000 0.479266 0.385222 0.368262 0.380100 0.327758 0.109740 
GJ-GBRC560 0.199162 0.377972 0.349606 0.161418 0.140534 0.109641 0.055868 1.000000 0.040504 0.001596 0.120249 0.479266 0.000000 0.094044 0.111004 0.099165 0.151508 0.369525 
DCGC-50693 0.105118 0.283928 0.255562 0.067374 0.046490 0.015596 0.038176 0.905956 0.053540 0.092448 0.026205 0.385222 0.094044 0.000000 0.016960 0.005121 0.057464 0.275481 
TRE23196_1 0.088158 0.266968 0.238602 0.050414 0.029530 0.001363 0.055136 0.888996 0.070500 0.109408 0.009245 0.368262 0.111004 0.016960 0.000000 0.011839 0.040504 0.258521 
CAM-TIGEM- 0.099997 0.278807 0.250441 0.062253 0.041369 0.010475 0.043298 0.900835 0.058661 0.097569 0.021083 0.380100 0.099165 0.005121 0.011839 0.000000 0.052343 0.270360 
S21D474    0.047654 0.226464 0.198098 0.009910 0.010974 0.041868 0.095640 0.848492 0.111004 0.149912 0.031259 0.327758 0.151508 0.057464 0.040504 0.052343 0.000000 0.218017 
LOND-128A7 0.170363 0.008447 0.019920 0.208107 0.228991 0.259885 0.313658 0.630475 0.329021 0.367929 0.249277 0.109740 0.369525 0.275481 0.258521 0.270360 0.218017 0.000000 
