   18
S38        0.000000 0.062285 0.067680 0.110839 0.059833 0.070623 1.175086 0.115743 0.002452 0.061305 0.126042 0.131437 0.004414 0.079451 0.061305 0.141246 0.065228 0.175086 
AP8        0.062285 0.000000 0.129966 0.173124 0.122119 0.132908 1.237371 0.178028 0.064738 0.123590 0.188328 0.193722 0.066699 0.017165 0.123590 0.203531 0.127513 0.237371 
IMR_125063 0.067680 0.129966 0.000000 0.043158 0.007847 0.002943 1.107406 0.048063 0.065228 0.006376 0.058362 0.063757 0.063266 0.147131 0.006376 0.073565 0.002452 0.107406 
NB-NML-300 0.110839 0.173124 0.043158 0.000000 0.051005 0.040216 1.064247 0.004904 0.108386 0.049534 0.015204 0.020598 0.106425 0.190289 0.049534 0.030407 0.045611 0.064247 
ON-E76b    0.059833 0.122119 0.007847 0.051005 0.000000 0.010790 1.115253 0.055910 0.057381 0.001471 0.066209 0.071604 0.055419 0.139284 0.001471 0.081412 0.005395 0.115253 
ON-S2383   0.070623 0.132908 0.002943 0.040216 0.010790 0.000000 1.104463 0.045120 0.068171 0.009318 0.055419 0.060814 0.066209 0.150074 0.009318 0.070623 0.005395 0.104463 
CMX-INER-I 1.175086 1.237371 1.107406 1.064247 1.115253 1.104463 0.000000 1.059343 1.172634 1.113781 1.049044 1.043649 1.170672 1.254537 1.113781 1.033840 1.109858 1.000000 
OR-OSPHL00 0.115743 0.178028 0.048063 0.004904 0.055910 0.045120 1.059343 0.000000 0.113291 0.054438 0.010299 0.015694 0.111329 0.195194 0.054438 0.025503 0.050515 0.059343 
TX-DSHS-52 0.002452 0.064738 0.065228 0.108386 0.057381 0.068171 1.172634 0.113291 0.000000 0.058852 0.123590 0.128985 0.001962 0.081903 0.058852 0.138794 0.062776 0.172634 
NSW4490    0.061305 0.123590 0.006376 0.049534 0.001471 0.009318 1.113781 0.054438 0.058852 0.000000 0.064738 0.070132 0.056891 0.140755 0.000000 0.079941 0.003923 0.113781 
PAIS-D0094 0.126042 0.188328 0.058362 0.015204 0.066209 0.055419 1.049044 0.010299 0.123590 0.064738 0.000000 0.005395 0.121628 0.205493 0.064738 0.015204 0.060814 0.049044 
RJ-LNN0011 0.131437 0.193722 0.063757 0.020598 0.071604 0.060814 1.043649 0.015694 0.128985 0.070132 0.005395 0.000000 0.127023 0.210888 0.070132 0.009809 0.066209 0.043649 
GJ-GBRC560 0.004414 0.066699 0.063266 0.106425 0.055419 0.066209 1.170672 0.111329 0.001962 0.056891 0.121628 0.127023 0.000000 0.083865 0.056891 0.136832 0.060814 0.170672 
DCGC-50693 0.079451 0.017165 0.147131 0.190289 0.139284 0.150074 1.254537 0.195194 0.081903 0.140755 0.205493 0.210888 0.083865 0.000000 0.140755 0.220696 0.144679 0.254537 
TRE23196_1 0.061305 0.123590 0.006376 0.049534 0.001471 0.009318 1.113781 0.054438 0.058852 0.000000 0.064738 0.070132 0.056891 0.140755 0.000000 0.079941 0.003923 0.113781 
CAM-TIGEM- 0.141246 0.203531 0.073565 0.030407 0.081412 0.070623 1.033840 0.025503 0.138794 0.079941 0.015204 0.009809 0.136832 0.220696 0.079941 0.000000 0.076018 0.033840 
S21D474    0.065228 0.127513 0.002452 0.045611 0.005395 0.005395 1.109858 0.050515 0.062776 0.003923 0.060814 0.066209 0.060814 0.144679 0.003923 0.076018 0.000000 0.109858 
LOND-128A7 0.175086 0.237371 0.107406 0.064247 0.115253 0.104463 1.000000 0.059343 0.172634 0.113781 0.049044 0.043649 0.170672 0.254537 0.113781 0.033840 0.109858 0.000000 
