   18
S38        0.000000 0.049648 0.053948 0.088350 0.047694 0.056294 0.936669 0.092260 0.001955 0.048866 0.100469 0.104769 0.003518 0.063331 0.048866 0.112588 0.051994 0.139562 
AP8        0.049648 0.000000 0.103597 0.137998 0.097342 0.105942 0.986317 0.141908 0.051603 0.098514 0.150117 0.154418 0.053167 0.013683 0.098514 0.162236 0.101642 0.189210 
IMR_125063 0.053948 0.103597 0.000000 0.034402 0.006255 0.002346 0.882721 0.038311 0.051994 0.005082 0.046521 0.050821 0.050430 0.117279 0.005082 0.058640 0.001955 0.085614 
NB-NML-300 0.088350 0.137998 0.034402 0.000000 0.040657 0.032056 0.848319 0.003909 0.086396 0.039484 0.012119 0.016419 0.084832 0.151681 0.039484 0.024238 0.036357 0.051212 
ON-E76b    0.047694 0.097342 0.006255 0.040657 0.000000 0.008600 0.888976 0.044566 0.045739 0.001173 0.052776 0.057076 0.044175 0.111024 0.001173 0.064894 0.004300 0.091869 
ON-S2383   0.056294 0.105942 0.002346 0.032056 0.008600 0.000000 0.880375 0.035966 0.054339 0.007428 0.044175 0.048475 0.052776 0.119625 0.007428 0.056294 0.004300 0.083268 
CMX-INER-I 0.936669 0.986317 0.882721 0.848319 0.888976 0.880375 0.000000 0.844410 0.934715 0.887803 0.836200 0.831900 0.933151 1.000000 0.887803 0.824081 0.884676 0.797107 
OR-OSPHL00 0.092260 0.141908 0.038311 0.003909 0.044566 0.035966 0.844410 0.000000 0.090305 0.043393 0.008210 0.012510 0.088741 0.155590 0.043393 0.020328 0.040266 0.047303 
TX-DSHS-52 0.001955 0.051603 0.051994 0.086396 0.045739 0.054339 0.934715 0.090305 0.000000 0.046912 0.098514 0.102815 0.001564 0.065285 0.046912 0.110633 0.050039 0.137608 
NSW4490    0.048866 0.098514 0.005082 0.039484 0.001173 0.007428 0.887803 0.043393 0.046912 0.000000 0.051603 0.055903 0.045348 0.112197 0.000000 0.063722 0.003127 0.090696 
PAIS-D0094 0.100469 0.150117 0.046521 0.012119 0.052776 0.044175 0.836200 0.008210 0.098514 0.051603 0.000000 0.004300 0.096951 0.163800 0.051603 0.012119 0.048475 0.039093 
RJ-LNN0011 0.104769 0.154418 0.050821 0.016419 0.057076 0.048475 0.831900 0.012510 0.102815 0.055903 0.004300 0.000000 0.101251 0.168100 0.055903 0.007819 0.052776 0.034793 
GJ-GBRC560 0.003518 0.053167 0.050430 0.084832 0.044175 0.052776 0.933151 0.088741 0.001564 0.045348 0.096951 0.101251 0.000000 0.066849 0.045348 0.109070 0.048475 0.136044 
DCGC-50693 0.063331 0.013683 0.117279 0.151681 0.111024 0.119625 1.000000 0.155590 0.065285 0.112197 0.163800 0.168100 0.066849 0.000000 0.112197 0.175919 0.115324 0.202893 
TRE23196_1 0.048866 0.098514 0.005082 0.039484 0.001173 0.007428 0.887803 0.043393 0.046912 0.000000 0.051603 0.055903 0.045348 0.112197 0.000000 0.063722 0.003127 0.090696 
CAM-TIGEM- 0.112588 0.162236 0.058640 0.024238 0.064894 0.056294 0.824081 0.020328 0.110633 0.063722 0.012119 0.007819 0.109070 0.175919 0.063722 0.000000 0.060594 0.026974 
S21D474    0.051994 0.101642 0.001955 0.036357 0.004300 0.004300 0.884676 0.040266 0.050039 0.003127 0.048475 0.052776 0.048475 0.115324 0.003127 0.060594 0.000000 0.087568 
LOND-128A7 0.139562 0.189210 0.085614 0.051212 0.091869 0.083268 0.797107 0.047303 0.137608 0.090696 0.039093 0.034793 0.136044 0.202893 0.090696 0.026974 0.087568 0.000000 
