   18
S38        0.000000 0.847852 0.042152 0.878362 0.635488 1.236451 0.118828 0.891610 0.137294 0.125652 0.599759 0.169811 0.105982 1.138900 1.120835 0.419510 0.809715 0.830189 
AP8        0.847852 0.000000 0.890004 0.030510 0.212365 0.388599 0.966680 0.043758 0.985147 0.722200 0.248093 1.017664 0.953834 0.291048 0.272983 0.428342 0.038137 0.017664 
IMR_125063 0.042152 0.890004 0.000000 0.920514 0.677640 1.278603 0.076676 0.933762 0.095143 0.167804 0.641911 0.127660 0.063830 1.181052 1.162987 0.461662 0.851867 0.872340 
NB-NML-300 0.878362 0.030510 0.920514 0.000000 0.242874 0.358089 0.997190 0.013248 1.015656 0.752710 0.278603 1.048173 0.984344 0.260538 0.242473 0.458852 0.068647 0.048173 
ON-E76b    0.635488 0.212365 0.677640 0.242874 0.000000 0.600963 0.754316 0.256122 0.772782 0.509835 0.035729 0.805299 0.741469 0.503412 0.485347 0.215978 0.174227 0.194701 
ON-S2383   1.236451 0.388599 1.278603 0.358089 0.600963 0.000000 1.355279 0.344841 1.373745 1.110799 0.636692 1.406263 1.342433 0.097551 0.115616 0.816941 0.426736 0.406263 
CMX-INER-I 0.118828 0.966680 0.076676 0.997190 0.754316 1.355279 0.000000 1.010438 0.018466 0.244480 0.718587 0.050984 0.012846 1.257728 1.239663 0.538338 0.928543 0.949016 
OR-OSPHL00 0.891610 0.043758 0.933762 0.013248 0.256122 0.344841 1.010438 0.000000 1.028904 0.765957 0.291851 1.061421 0.997591 0.247290 0.229225 0.472100 0.081895 0.061421 
TX-DSHS-52 0.137294 0.985147 0.095143 1.015656 0.772782 1.373745 0.018466 1.028904 0.000000 0.262947 0.737053 0.032517 0.031313 1.276194 1.258129 0.556804 0.947009 0.967483 
NSW4490    0.125652 0.722200 0.167804 0.752710 0.509835 1.110799 0.244480 0.765957 0.262947 0.000000 0.474107 0.295464 0.231634 1.013248 0.995183 0.293858 0.684063 0.704536 
PAIS-D0094 0.599759 0.248093 0.641911 0.278603 0.035729 0.636692 0.718587 0.291851 0.737053 0.474107 0.000000 0.769570 0.705741 0.539141 0.521076 0.180249 0.209956 0.230430 
RJ-LNN0011 0.169811 1.017664 0.127660 1.048173 0.805299 1.406263 0.050984 1.061421 0.032517 0.295464 0.769570 0.000000 0.063830 1.308711 1.290646 0.589322 0.979526 1.000000 
GJ-GBRC560 0.105982 0.953834 0.063830 0.984344 0.741469 1.342433 0.012846 0.997591 0.031313 0.231634 0.705741 0.063830 0.000000 1.244882 1.226817 0.525492 0.915697 0.936170 
DCGC-50693 1.138900 0.291048 1.181052 0.260538 0.503412 0.097551 1.257728 0.247290 1.276194 1.013248 0.539141 1.308711 1.244882 0.000000 0.018065 0.719390 0.329185 0.308711 
TRE23196_1 1.120835 0.272983 1.162987 0.242473 0.485347 0.115616 1.239663 0.229225 1.258129 0.995183 0.521076 1.290646 1.226817 0.018065 0.000000 0.701325 0.311120 0.290646 
CAM-TIGEM- 0.419510 0.428342 0.461662 0.458852 0.215978 0.816941 0.538338 0.472100 0.556804 0.293858 0.180249 0.589322 0.525492 0.719390 0.701325 0.000000 0.390205 0.410678 
S21D474    0.809715 0.038137 0.851867 0.068647 0.174227 0.426736 0.928543 0.081895 0.947009 0.684063 0.209956 0.979526 0.915697 0.329185 0.311120 0.390205 0.000000 0.020474 
LOND-128A7 0.830189 0.017664 0.872340 0.048173 0.194701 0.406263 0.949016 0.061421 0.967483 0.704536 0.230430 1.000000 0.936170 0.308711 0.290646 0.410678 0.020474 0.000000 
