   18
S38        0.000000 0.915419 0.035208 1.099960 1.050587 1.274383 0.524889 0.957507 0.230271 0.330635 0.715500 0.122622 0.583974 1.219749 1.227843 0.607446 1.136382 0.964792 
AP8        0.915419 0.000000 0.950627 0.184541 0.135168 0.358964 0.390530 0.042088 0.685148 0.584783 0.199919 0.792796 0.331445 0.304330 0.312424 0.307972 0.220963 0.049373 
IMR_125063 0.035208 0.950627 0.000000 1.135168 1.085795 1.309591 0.560097 0.992715 0.265480 0.365844 0.750708 0.157831 0.619183 1.254958 1.263051 0.642655 1.171590 1.000000 
NB-NML-300 1.099960 0.184541 1.135168 0.000000 0.049373 0.174423 0.575071 0.142452 0.869688 0.769324 0.384460 0.977337 0.515985 0.119790 0.127883 0.492513 0.036423 0.135168 
ON-E76b    1.050587 0.135168 1.085795 0.049373 0.000000 0.223796 0.525698 0.093080 0.820316 0.719951 0.335087 0.927964 0.466613 0.169162 0.177256 0.443140 0.085795 0.085795 
ON-S2383   1.274383 0.358964 1.309591 0.174423 0.223796 0.000000 0.749494 0.316876 1.044112 0.943747 0.558883 1.151760 0.690409 0.054634 0.046540 0.666936 0.138001 0.309591 
CMX-INER-I 0.524889 0.390530 0.560097 0.575071 0.525698 0.749494 0.000000 0.432618 0.294618 0.194253 0.190611 0.402266 0.059085 0.694860 0.702954 0.082558 0.611493 0.439903 
OR-OSPHL00 0.957507 0.042088 0.992715 0.142452 0.093080 0.316876 0.432618 0.000000 0.727236 0.626872 0.242007 0.834885 0.373533 0.262242 0.270336 0.350061 0.178875 0.007285 
TX-DSHS-52 0.230271 0.685148 0.265480 0.869688 0.820316 1.044112 0.294618 0.727236 0.000000 0.100364 0.485229 0.107649 0.353703 0.989478 0.997572 0.377175 0.906111 0.734520 
NSW4490    0.330635 0.584783 0.365844 0.769324 0.719951 0.943747 0.194253 0.626872 0.100364 0.000000 0.384864 0.208013 0.253339 0.889114 0.897208 0.276811 0.805747 0.634156 
PAIS-D0094 0.715500 0.199919 0.750708 0.384460 0.335087 0.558883 0.190611 0.242007 0.485229 0.384864 0.000000 0.592877 0.131526 0.504249 0.512343 0.108053 0.420882 0.249292 
RJ-LNN0011 0.122622 0.792796 0.157831 0.977337 0.927964 1.151760 0.402266 0.834885 0.107649 0.208013 0.592877 0.000000 0.461352 1.097127 1.105221 0.484824 1.013760 0.842169 
GJ-GBRC560 0.583974 0.331445 0.619183 0.515985 0.466613 0.690409 0.059085 0.373533 0.353703 0.253339 0.131526 0.461352 0.000000 0.635775 0.643869 0.023472 0.552408 0.380817 
DCGC-50693 1.219749 0.304330 1.254958 0.119790 0.169162 0.054634 0.694860 0.262242 0.989478 0.889114 0.504249 1.097127 0.635775 0.000000 0.008094 0.612303 0.083367 0.254958 
TRE23196_1 1.227843 0.312424 1.263051 0.127883 0.177256 0.046540 0.702954 0.270336 0.997572 0.897208 0.512343 1.105221 0.643869 0.008094 0.000000 0.620397 0.091461 0.263051 
CAM-TIGEM- 0.607446 0.307972 0.642655 0.492513 0.443140 0.666936 0.082558 0.350061 0.377175 0.276811 0.108053 0.484824 0.023472 0.612303 0.620397 0.000000 0.528936 0.357345 
S21D474    1.136382 0.220963 1.171590 0.036423 0.085795 0.138001 0.611493 0.178875 0.906111 0.805747 0.420882 1.013760 0.552408 0.083367 0.091461 0.528936 0.000000 0.171590 
LOND-128A7 0.964792 0.049373 1.000000 0.135168 0.085795 0.309591 0.439903 0.007285 0.734520 0.634156 0.249292 0.842169 0.380817 0.254958 0.263051 0.357345 0.171590 0.000000 
