   18
S38        0.000000 0.699011 0.026885 0.839926 0.802225 0.973115 0.400803 0.731150 0.175834 0.252472 0.546354 0.093634 0.445921 0.931397 0.937577 0.463844 0.867738 0.736712 
AP8        0.699011 0.000000 0.725896 0.140915 0.103214 0.274104 0.298208 0.032138 0.523177 0.446539 0.152658 0.605377 0.253090 0.232386 0.238566 0.235167 0.168727 0.037701 
IMR_125063 0.026885 0.725896 0.000000 0.866811 0.829110 1.000000 0.427689 0.758035 0.202719 0.279357 0.573239 0.120519 0.472806 0.958282 0.964462 0.490729 0.894623 0.763597 
NB-NML-300 0.839926 0.140915 0.866811 0.000000 0.037701 0.133189 0.439122 0.108776 0.664091 0.587454 0.293572 0.746292 0.394005 0.091471 0.097651 0.376082 0.027812 0.103214 
ON-E76b    0.802225 0.103214 0.829110 0.037701 0.000000 0.170890 0.401422 0.071075 0.626391 0.549753 0.255871 0.708591 0.356304 0.129172 0.135352 0.338381 0.065513 0.065513 
ON-S2383   0.973115 0.274104 1.000000 0.133189 0.170890 0.000000 0.572311 0.241965 0.797281 0.720643 0.426761 0.879481 0.527194 0.041718 0.035538 0.509271 0.105377 0.236403 
CMX-INER-I 0.400803 0.298208 0.427689 0.439122 0.401422 0.572311 0.000000 0.330346 0.224969 0.148331 0.145550 0.307169 0.045117 0.530593 0.536774 0.063041 0.466934 0.335909 
OR-OSPHL00 0.731150 0.032138 0.758035 0.108776 0.071075 0.241965 0.330346 0.000000 0.555315 0.478677 0.184796 0.637515 0.285229 0.200247 0.206428 0.267305 0.136588 0.005562 
TX-DSHS-52 0.175834 0.523177 0.202719 0.664091 0.626391 0.797281 0.224969 0.555315 0.000000 0.076638 0.370519 0.082200 0.270087 0.755562 0.761743 0.288010 0.691904 0.560878 
NSW4490    0.252472 0.446539 0.279357 0.587454 0.549753 0.720643 0.148331 0.478677 0.076638 0.000000 0.293881 0.158838 0.193449 0.678925 0.685105 0.211372 0.615266 0.484240 
PAIS-D0094 0.546354 0.152658 0.573239 0.293572 0.255871 0.426761 0.145550 0.184796 0.370519 0.293881 0.000000 0.452719 0.100433 0.385043 0.391224 0.082509 0.321384 0.190358 
RJ-LNN0011 0.093634 0.605377 0.120519 0.746292 0.708591 0.879481 0.307169 0.637515 0.082200 0.158838 0.452719 0.000000 0.352287 0.837763 0.843943 0.370210 0.774104 0.643078 
GJ-GBRC560 0.445921 0.253090 0.472806 0.394005 0.356304 0.527194 0.045117 0.285229 0.270087 0.193449 0.100433 0.352287 0.000000 0.485476 0.491656 0.017923 0.421817 0.290791 
DCGC-50693 0.931397 0.232386 0.958282 0.091471 0.129172 0.041718 0.530593 0.200247 0.755562 0.678925 0.385043 0.837763 0.485476 0.000000 0.006180 0.467553 0.063659 0.194685 
TRE23196_1 0.937577 0.238566 0.964462 0.097651 0.135352 0.035538 0.536774 0.206428 0.761743 0.685105 0.391224 0.843943 0.491656 0.006180 0.000000 0.473733 0.069839 0.200865 
CAM-TIGEM- 0.463844 0.235167 0.490729 0.376082 0.338381 0.509271 0.063041 0.267305 0.288010 0.211372 0.082509 0.370210 0.017923 0.467553 0.473733 0.000000 0.403894 0.272868 
S21D474    0.867738 0.168727 0.894623 0.027812 0.065513 0.105377 0.466934 0.136588 0.691904 0.615266 0.321384 0.774104 0.421817 0.063659 0.069839 0.403894 0.000000 0.131026 
LOND-128A7 0.736712 0.037701 0.763597 0.103214 0.065513 0.236403 0.335909 0.005562 0.560878 0.484240 0.190358 0.643078 0.290791 0.194685 0.200865 0.272868 0.131026 0.000000 
